1
1
3
21
5
212
7
1321
9
21321
11
213212
13
1321321
15
21321321
17
213213212
19
1321321321
3
2
1
7
31
21
12
313
212
16
3131
2123
21
32132
13321
25
313123
212331
30
3213321
1332132
34
31312331
21233123
39
321332132
133213321
43
3131233123
2123312331
5
2
1
2
12
32
11
32
19
313
212
313
25
3132
2131
3123
32
32132
13321
32132
39
321332
133211
321332
46
3132313
2331332
1321231
52
31323132
21312331
31233123
59
313213323
231332111
132313323
66
3213321332
1332133211
3213321332
7
1
3
2
1
16
32
11
32
13
25
323
111
332
213
36
3123
2331
1332
3213
43
31321
21333
33212
12313
52
313213
213332
332131
123123
63
3133213
2321332
1332331
3213123
72
31323132
23313231
13231332
32132313
80
313231323
233132311
132313323
321323131
90
3133213123
2321332331
1333321332
3212133213
9
2
1
3
2
1
21
31
23
13
32
21
32
313
232
131
323
212
43
3231
1132
3323
2311
1323
55
31321
21333
33212
13333
32121
67
313231
233123
132331
321332
133213
79
3132123
2133331
3321233
1333312
3212313
89
31321231
21333313
33212332
13333131
32123123
101
313212331
213333123
332123331
133331233
321231312
112
3132133213
2133321332
3321333231
1333213132
3212312313
11
2
1
3
2
1
2
25
32
11
32
13
23
31
39
313
232
131
323
313
212
52
3231
1132
3323
2311
1332
3213
67
32131
13323
33213
21332
32331
13123
80
312313
213312
331233
123331
333123
212331
94
3132132
2133321
3321333
1333212
3213333
1332121
108
31323132
23313231
13233123
32132331
13321332
32133213
122
321313231
133233132
323132313
313231323
231332331
132313132
135
3132133213
2133321332
3321333211
1333213332
3213332133
1332113321
13
1
3
2
1
3
2
1
30
31
23
13
32
31
23
12
46
321
133
332
211
332
133
321
63
3213
1332
3231
3123
2331
1332
3213
79
32313
11332
33231
23132
13233
23311
31323
94
323131
113323
332313
231332
133231
323132
213231
111
3132313
2331332
1323231
3213123
1332331
3321332
2133213
127
31321332
21333211
33213332
13332133
32133321
13321333
32133212
143
313233213
233111332
132333231
231323132
332313233
113323311
323131323
159
3132313132
2331332331
1323231323
3213133213
1332321332
3321332331
2133213123
15
2
1
3
2
1
3
2
1
34
32
11
32
13
23
31
32
13
52
323
111
332
213
323
131
332
213
72
3213
1332
3321
2133
3312
1233
3331
2123
89
32313
11332
33231
23132
13233
23311
31332
13213
108
321313
133232
332131
213323
333213
121332
332331
213123
127
3231313
1133232
3323131
2313323
1332313
3231332
3133231
2123132
145
31313231
23233132
13132331
32331323
31323313
23313232
13233131
32132123
163
313212331
213333123
332123331
133331232
321233313
233312332
112333131
323123123
182
3132133213
2133321332
3321333211
1333213332
3213332133
3132133321
2313321333
1323133212
17
2
1
3
2
1
3
2
1
2
39
31
23
13
32
31
23
13
32
21
59
321
133
312
233
131
323
313
212
313
80
3213
1332
3321
2133
3312
1233
3331
2123
3131
101
32313
11332
33231
23132
13233
23311
31323
32331
13132
122
313321
232133
133312
321233
133331
332123
213331
331233
123312
143
3212313
1333312
3321233
2133331
3132123
3133331
2321233
1333312
3212313
163
32313213
11332312
33231323
23132331
13233132
23313233
31323311
32331332
13123213
184
313212331
213333123
332123331
133331233
321233312
231312333
132333121
233123333
313231212
205
3131323132
2323313231
1313233132
3233132331
3132331323
2331323313
1323313232
2313233131
3132132123
19
1
3
2
1
3
2
1
3
2
1
43
32
11
32
13
23
31
32
13
23
31
66
313
232
131
323
313
232
131
323
313
212
90
3213
1332
3231
3132
2331
1323
3213
1332
2331
3123
112
32313
11332
33231
23132
13323
32311
31332
23213
13331
32123
135
323131
113323
332313
231332
133231
323131
313323
232313
131332
321231
159
3213132
1332331
3321323
2133213
3321332
1333231
3213123
1332331
3321332
2133213
182
32313321
11332133
33231312
23133233
13323131
32313323
31332313
23231332
13133231
32123132
205
321332123
133213331
321333213
133321332
332133321
213332133
333213332
121333211
333321332
212133213
228
3132131323
2133323311
3321313233
1333233132
3213132331
3132331323
2331323313
1323313232
2313233131
3132132123
